40,1
40,0
38,4
38,3
38,2
38,1
38,0
36,4
36,3
36,2
36,1
36,0
34,5
34,4
34,3
34,2
34,1
34,0
31,5
31,4
31,3
31,2
31,1
31,0
28,4
28,3
28,2
28,1
28,0
26,6
26,5
26,4
26,3
26,2
26,1
26,0
22,3
22,2
22,1
22,0
21,3
21,2
21,1
21,0
20,4
20,3
20,2
20,1
20,0
19,3
19,2
19,1
19,0
18,3
18,2
18,1
18,0
17,3
17,2
17,1
17,0
16,3
16,2
16,1
16,0
15,3
15,2
15,1
15,0
14,4
14,3
14,2
14,1
14,0
13,4
13,3
13,2
13,1
13,0
11,4
11,3
11,2
11,1
11,0
9,4
9,3
9,2
9,1
9,0
7,4
7,3
7,2
7,1
7,0
6,4
6,3
6,2
6,1
6,0
5,3
5,2
5,1
5,0
4,3
2,5
2,4
2,3
2,2
2,1
2,0
1,3
0,429
0,412
0,324
0,243
0,9
0,0
0,1
0,407
0,300
0,299
0,406
0,298
0,405
0,297
0,404
0,296
0,403
0,295
0,402
0,294
0,401
0,293
0,292
0,400
0,291
0,399
0,290
0,398
0,289
0,288
0,397
0,287
0,396
0,286
0,395
0,285
0,284
0,394
0,283
0,393
0,282
0,392
0,281
0,280
0,391
0,279
0,390
0,278
0,389
0,277
0,276
0,388
0,275
0,387
0,274
0,273
0,386
0,272
0,385
0,271
0,384
0,270
40,2
40,3
41,0
41,1
41,3
42,0
42,2
43,0
43,1
43,3
44,0
44,2
45,0
45,1
45,3
46,0
46,2
46,3
47,1
47,3
48,0
48,2
48,3
49,1
49,3
50,0
50,2
50,3
51,1
51,2
51,3
51,0
50,1
49,2
49,0
48,1
47,2
47,0
46,1
45,2
44,3
44,1
43,2
42,3
42,1
41,2
40,4
0,383
0,269
0,382
0,268
0,381
0,267
0,380
0,266
0,379
0,265
0,378
0,264
0,377
0,263
0,376
0,262
0,261
0,375
0,260
0,431
0,259
0,374
0,258
0,373
0,257
0,372
0,256
0,371
0,255
0,370
0,254
0,369
0,253
0,368
0,252
0,367
0,251
0,366
0,250
0,365
0,249
0,364
0,248
0,363
0,247
0,362
0,246
0,361
0,245
0,360
0,244
0,359
0,242
0,358
0,241
0,357
0,240
0,356
0,239
0,355
0,238
0,423
0,237
0,354
0,236
0,422
0,235
0,353
0,234
0,352
0,233
0,351
0,232
0,350
0,231
0,349
0,230
0,427
0,229
0,348
0,228
0,420
0,227
0,347
0,226
0,346
0,225
0,419
0,224
0,345
0,223
0,418
0,222
0,344
0,221
0,343
0,220
0,342
0,219
0,341
0,218
0,340
0,217
0,424
0,216
0,339
0,215
0,417
0,214
0,338
0,213
0,337
0,212
0,416
0,211
0,336
0,210
0,426
0,209
0,335
0,208
0,334
0,207
0,333
0,206
0,332
0,205
0,331
0,204
0,415
0,203
0,330
0,202
0,408
0,201
0,329
0,200
0,328
0,199
0,421
0,198
0,327
0,197
0,414
0,196
0,326
0,195
0,325
0,194
0,323
0,193
0,430
0,192
0,321
0,63
0,425
0,62
0,413
0,61
0,319
0,60
0,409
0,59
0,318
0,58
0,317
0,57
0,316
0,56
0,315
0,55
0,314
0,54
0,411
0,53
0,313
0,52
0,410
0,51
0,312
0,50
0,311
0,49
0,310
0,48
0,309
0,47
0,308
0,46
0,307
0,45
0,301
0,6
0,5
0,304
0,303
0,306
0,305
0,302
0,12
0,428
0,10
0,8
0,11
0,4
0,2
0,3
0,7
